[[1.000e+00 1.039e-02 1.007e-02 1.366e-02 8.138e-03 2.596e-02 1.364e-03]
 [1.039e-02 1.000e+00 2.346e-02 1.773e-02 1.890e-02 1.338e-03 3.412e-02]
 [1.007e-02 2.346e-02 1.000e+00 3.406e-02 1.837e-02 3.406e-02 3.406e-02]
 [1.366e-02 1.773e-02 3.406e-02 1.000e+00 1.363e-02 5.041e-02 5.041e-02]
 [8.138e-03 1.890e-02 1.837e-02 1.363e-02 1.000e+00 1.225e-03 2.602e-02]
 [2.596e-02 1.338e-03 3.406e-02 5.041e-02 1.225e-03 1.000e+00 8.138e-04]
 [1.364e-03 3.412e-02 3.406e-02 5.041e-02 2.602e-02 8.138e-04 1.000e+00]]